49
834 36 951 34
835 31 1137 21
802 30 973 58
872 61 1115 9
886 15 972 34
882 95 1250 21
869 42 1006 67
849 64 1038 68
826 66 1054 16
804 23 1096 63
862 67 1109 63
873 15 1275 13
865 56 996 31
862 32 1034 9
837 98 1259 45
819 20 847 67
874 96 1302 43
883 76 1124 8
818 57 1121 85
873 91 880 29
825 51 1097 99
864 100 1092 7
900 10 1191 19
827 56 1206 83
800 46 1013 13
826 30 1242 60
840 6 906 42
888 57 1177 100
835 9 1088 63
830 63 1101 78
869 45 1233 73
886 75 1117 74
888 73 1280 43
831 5 1048 56
801 10 1164 61
868 62 1234 92
824 74 1099 76
885 55 994 12
875 100 898 98
828 4 1102 93
840 61 1278 2
867 51 1019 5
822 24 880 39
827 18 980 21
879 66 984 98
861 45 1321 58
863 82 880 41
872 8 922 57
877 45 1322 90